45 60
399
41 56 2
41 57 2
42 29 3
42 30 3
1 6 5
2 4 5
3 3 5
3 7 5
3 8 5
34 30 3
34 32 3
34 35 3
35 1 5
41 58 2
42 28 3
35 2 5
35 3 5
35 26 4
3 9 5
6 3 5
7 2 5
4 4 5
1 7 5
4 5 5
39 51 2
39 54 2
39 55 2
39 56 2
39 57 2
40 32 3
40 48 2
20 53 1
20 54 1
21 48 1
21 49 1
40 51 2
40 52 2
41 26 3
41 27 3
41 29 3
4 6 5
4 8 5
5 3 5
5 5 5
3 5 5
3 6 5
5 7 5
6 2 5
40 53 2
40 54 2
7 4 5
7 5 5
6 4 5
6 5 5
6 8 5
6 9 5
6 10 5
6 25 4
6 29 4
7 6 5
7 7 5
6 26 4
6 28 4
7 8 5
7 9 5
7 10 5
16 53 1
16 54 1
17 22 4
17 26 4
8 20 4
8 25 4
8 27 4
9 9 5
9 21 4
11 27 4
11 30 4
11 31 4
11 32 4
9 24 4
9 25 4
9 33 4
9 34 4
10 2 5
10 3 5
10 5 5
10 7 5
10 8 5
10 10 5
10 22 4
10 25 4
10 27 4
9 27 4
9 29 4
9 30 4
9 31 4
9 32 4
10 28 4
10 30 4
10 31 4
10 33 4
10 34 4
10 36 4
10 37 4
11 4 5
11 5 5
11 7 5
11 9 5
11 12 5
11 22 4
11 23 4
11 33 4
11 34 4
12 3 5
12 4 5
12 6 5
12 7 5
12 10 5
12 11 5
12 25 4
12 27 4
12 29 4
12 31 4
12 51 1
12 52 1
12 53 1
13 5 5
13 6 5
13 8 5
13 9 5
13 24 4
17 28 4
17 50 1
8 7 5
13 32 4
13 33 4
14 7 5
14 25 4
14 26 4
14 27 4
14 28 4
14 29 4
14 30 4
7 24 4
7 26 4
7 27 4
7 28 4
14 32 4
14 33 4
14 49 1
14 50 1
14 51 1
14 54 1
14 55 1
14 56 1
15 4 5
15 5 5
15 9 5
15 10 5
15 24 4
15 26 4
15 28 4
15 29 4
15 31 4
15 32 4
15 51 1
15 52 1
15 53 1
16 23 4
16 27 4
16 29 4
16 30 4
42 56 2
43 26 3
43 27 3
7 29 4
7 30 4
8 2 5
8 3 5
8 4 5
8 5 5
43 30 3
43 31 3
16 32 4
16 33 4
16 52 1
13 26 4
13 28 4
13 30 4
17 51 1
17 52 1
17 53 1
17 55 1
39 34 3
39 35 3
39 49 2
39 50 2
18 53 1
18 54 1
18 55 1
18 56 1
19 45 1
19 47 1
19 48 1
19 49 1
19 50 1
19 51 1
19 52 1
19 54 1
19 55 1
19 56 1
20 51 1
20 52 1
21 50 1
21 55 1
21 56 1
24 51 1
24 52 1
24 53 1
25 55 1
25 56 1
25 57 1
26 2 5
26 3 5
26 4 5
26 7 5
26 8 5
26 52 1
26 53 1
26 54 1
27 3 5
27 5 5
27 6 5
27 7 5
27 8 5
39 30 3
39 31 3
39 33 3
41 30 3
41 31 3
41 47 2
28 4 5
28 6 5
28 7 5
28 9 5
28 10 5
28 11 5
28 12 5
28 29 4
28 30 4
29 2 5
29 3 5
29 5 5
29 6 5
29 7 5
29 8 5
29 29 4
29 30 4
29 32 4
29 33 4
29 36 4
30 2 5
30 3 5
30 4 5
30 5 5
30 7 5
30 10 5
30 11 5
30 26 4
30 27 4
38 35 3
38 48 2
38 51 2
38 52 2
31 6 5
31 9 5
31 10 5
31 26 4
31 27 4
31 29 4
31 30 4
31 33 4
31 34 3
32 2 5
32 3 5
32 6 5
32 7 5
32 25 4
32 26 4
32 28 4
32 29 4
32 32 3
32 33 3
33 3 5
33 4 5
33 5 5
33 7 5
33 8 5
33 9 5
33 26 4
33 27 4
33 30 4
33 31 3
33 33 3
34 5 5
34 6 5
34 7 5
34 28 4
34 29 4
35 27 4
35 30 3
35 31 3
35 33 3
35 53 2
36 3 5
36 4 5
36 5 5
36 25 4
36 26 4
36 27 3
17 56 1
17 57 1
18 31 4
18 49 1
36 29 3
36 30 3
36 31 3
36 52 2
36 53 2
36 54 2
36 55 2
37 24 4
37 26 3
37 27 3
37 30 3
37 31 3
37 50 2
37 53 2
37 54 2
37 55 2
37 56 2
38 23 4
38 29 3
38 30 3
36 33 3
36 34 3
36 35 3
38 31 3
38 33 3
38 34 3
38 53 2
38 54 2
38 55 2
39 21 4
39 26 3
39 27 3
39 28 3
39 29 3
41 49 2
41 52 2
41 55 2
42 32 3
42 54 2
42 55 2
30 31 4
30 32 4
30 33 4
30 35 3
31 1 5
31 2 5
42 33 3
42 34 3
42 50 2
42 53 2
31 3 5
31 5 5
43 49 2
43 52 2
43 53 2
8 28 4
8 29 4
8 31 4
8 32 4
9 3 5
9 6 5
9 7 5
9 8 5
43 54 2
43 55 2
21 57 1
22 50 1
22 51 1
22 52 1
22 53 1
23 53 1
23 54 1
23 55 1
23 56 1
24 50 1
