45 60
399
41 56 4
41 57 4
42 29 4
42 30 4
1 6 1
2 4 1
3 3 1
3 7 1
3 8 1
34 30 4
34 32 4
34 35 4
35 1 5
41 58 4
42 28 4
35 2 5
35 3 5
35 26 4
3 9 1
6 3 1
7 2 1
4 4 1
1 7 1
4 5 1
39 51 4
39 54 4
39 55 4
39 56 4
39 57 4
40 32 4
40 48 4
20 53 2
20 54 2
21 48 2
21 49 2
40 51 4
40 52 4
41 26 4
41 27 4
41 29 4
4 6 1
4 8 1
5 3 1
5 5 1
3 5 1
3 6 1
5 7 1
6 2 1
40 53 4
40 54 4
7 4 1
7 5 1
6 4 1
6 5 1
6 8 1
6 9 1
6 10 1
6 25 3
6 29 3
7 6 1
7 7 1
6 26 3
6 28 3
7 8 1
7 9 1
7 10 1
16 53 2
16 54 2
17 22 3
17 26 3
8 20 3
8 25 3
8 27 3
9 9 1
9 21 3
11 27 3
11 30 3
11 31 3
11 32 3
9 24 3
9 25 3
9 33 3
9 34 3
10 2 1
10 3 1
10 5 1
10 7 1
10 8 1
10 10 1
10 22 3
10 25 3
10 27 3
9 27 3
9 29 3
9 30 3
9 31 3
9 32 3
10 28 3
10 30 3
10 31 3
10 33 3
10 34 3
10 36 3
10 37 3
11 4 1
11 5 1
11 7 1
11 9 1
11 12 5
11 22 3
11 23 3
11 33 3
11 34 3
12 3 1
12 4 1
12 6 5
12 7 5
12 10 5
12 11 5
12 25 3
12 27 3
12 29 3
12 31 3
12 51 2
12 52 2
12 53 2
13 5 5
13 6 5
13 8 5
13 9 5
13 24 3
17 28 3
17 50 2
8 7 1
13 32 3
13 33 3
14 7 5
14 25 3
14 26 3
14 27 3
14 28 3
14 29 3
14 30 3
7 24 3
7 26 3
7 27 3
7 28 3
14 32 3
14 33 3
14 49 2
14 50 2
14 51 2
14 54 2
14 55 2
14 56 2
15 4 5
15 5 5
15 9 5
15 10 5
15 24 3
15 26 3
15 28 3
15 29 3
15 31 3
15 32 3
15 51 2
15 52 2
15 53 2
16 23 3
16 27 3
16 29 3
16 30 3
42 56 4
43 26 4
43 27 4
7 29 3
7 30 3
8 2 1
8 3 1
8 4 1
8 5 1
43 30 4
43 31 4
16 32 3
16 33 3
16 52 2
13 26 3
13 28 3
13 30 3
17 51 2
17 52 2
17 53 2
17 55 2
39 34 4
39 35 4
39 49 4
39 50 4
18 53 2
18 54 2
18 55 2
18 56 2
19 45 2
19 47 2
19 48 2
19 49 2
19 50 2
19 51 2
19 52 2
19 54 2
19 55 2
19 56 2
20 51 2
20 52 2
21 50 2
21 55 2
21 56 2
24 51 2
24 52 2
24 53 2
25 55 2
25 56 2
25 57 2
26 2 5
26 3 5
26 4 5
26 7 5
26 8 5
26 52 2
26 53 2
26 54 2
27 3 5
27 5 5
27 6 5
27 7 5
27 8 5
39 30 4
39 31 4
39 33 4
41 30 4
41 31 4
41 47 4
28 4 5
28 6 5
28 7 5
28 9 5
28 10 5
28 11 5
28 12 5
28 29 4
28 30 4
29 2 5
29 3 5
29 5 5
29 6 5
29 7 5
29 8 5
29 29 4
29 30 4
29 32 4
29 33 4
29 36 4
30 2 5
30 3 5
30 4 5
30 5 5
30 7 5
30 10 5
30 11 5
30 26 4
30 27 4
38 35 4
38 48 4
38 51 4
38 52 4
31 6 5
31 9 5
31 10 5
31 26 4
31 27 4
31 29 4
31 30 4
31 33 4
31 34 4
32 2 5
32 3 5
32 6 5
32 7 5
32 25 4
32 26 4
32 28 4
32 29 4
32 32 4
32 33 4
33 3 5
33 4 5
33 5 5
33 7 5
33 8 5
33 9 5
33 26 4
33 27 4
33 30 4
33 31 4
33 33 4
34 5 5
34 6 5
34 7 5
34 28 4
34 29 4
35 27 4
35 30 4
35 31 4
35 33 4
35 53 4
36 3 5
36 4 5
36 5 5
36 25 4
36 26 4
36 27 4
17 56 2
17 57 2
18 31 3
18 49 2
36 29 4
36 30 4
36 31 4
36 52 4
36 53 4
36 54 4
36 55 4
37 24 4
37 26 4
37 27 4
37 30 4
37 31 4
37 50 4
37 53 4
37 54 4
37 55 4
37 56 4
38 23 4
38 29 4
38 30 4
36 33 4
36 34 4
36 35 4
38 31 4
38 33 4
38 34 4
38 53 4
38 54 4
38 55 4
39 21 4
39 26 4
39 27 4
39 28 4
39 29 4
41 49 4
41 52 4
41 55 4
42 32 4
42 54 4
42 55 4
30 31 4
30 32 4
30 33 4
30 35 4
31 1 5
31 2 5
42 33 4
42 34 4
42 50 4
42 53 4
31 3 5
31 5 5
43 49 4
43 52 4
43 53 4
8 28 3
8 29 3
8 31 3
8 32 3
9 3 1
9 6 1
9 7 1
9 8 1
43 54 4
43 55 4
21 57 2
22 50 2
22 51 2
22 52 2
22 53 2
23 53 2
23 54 2
23 55 2
23 56 2
24 50 2
