45 60
399
41 56 1
41 57 1
42 29 1
42 30 1
1 6 2
2 4 2
3 3 2
3 7 2
3 8 2
34 30 1
34 32 1
34 35 1
35 1 5
41 58 1
42 28 1
35 2 5
35 3 5
35 26 1
3 9 2
6 3 2
7 2 2
4 4 2
1 7 2
4 5 2
39 51 1
39 54 1
39 55 1
39 56 1
39 57 1
40 32 1
40 48 1
20 53 3
20 54 3
21 48 3
21 49 3
40 51 1
40 52 1
41 26 1
41 27 1
41 29 1
4 6 2
4 8 2
5 3 2
5 5 2
3 5 2
3 6 2
5 7 2
6 2 2
40 53 1
40 54 1
7 4 2
7 5 2
6 4 2
6 5 2
6 8 2
6 9 2
6 10 2
6 25 4
6 29 3
7 6 2
7 7 2
6 26 4
6 28 3
7 8 2
7 9 2
7 10 2
16 53 3
16 54 3
17 22 4
17 26 4
8 20 4
8 25 4
8 27 3
9 9 2
9 21 4
11 27 4
11 30 4
11 31 4
11 32 3
9 24 4
9 25 4
9 33 3
9 34 3
10 2 2
10 3 2
10 5 2
10 7 2
10 8 2
10 10 2
10 22 4
10 25 4
10 27 3
9 27 3
9 29 3
9 30 3
9 31 3
9 32 3
10 28 3
10 30 3
10 31 3
10 33 3
10 34 3
10 36 3
10 37 3
11 4 2
11 5 2
11 7 2
11 9 2
11 12 2
11 22 4
11 23 4
11 33 3
11 34 3
12 3 2
12 4 2
12 6 2
12 7 2
12 10 2
12 11 2
12 25 4
12 27 4
12 29 4
12 31 4
12 51 3
12 52 3
12 53 3
13 5 2
13 6 2
13 8 2
13 9 2
13 24 4
17 28 4
17 50 3
8 7 2
13 32 4
13 33 4
14 7 2
14 25 4
14 26 4
14 27 4
14 28 4
14 29 4
14 30 4
7 24 4
7 26 4
7 27 3
7 28 3
14 32 4
14 33 4
14 49 3
14 50 3
14 51 3
14 54 3
14 55 3
14 56 3
15 4 2
15 5 2
15 9 2
15 10 2
15 24 4
15 26 4
15 28 4
15 29 4
15 31 4
15 32 4
15 51 3
15 52 3
15 53 3
16 23 4
16 27 4
16 29 4
16 30 4
42 56 1
43 26 1
43 27 1
7 29 3
7 30 3
8 2 2
8 3 2
8 4 2
8 5 2
43 30 1
43 31 1
16 32 4
16 33 4
16 52 3
13 26 4
13 28 4
13 30 4
17 51 3
17 52 3
17 53 3
17 55 3
39 34 1
39 35 1
39 49 1
39 50 1
18 53 3
18 54 3
18 55 3
18 56 3
19 45 3
19 47 3
19 48 3
19 49 3
19 50 3
19 51 3
19 52 3
19 54 3
19 55 3
19 56 3
20 51 3
20 52 3
21 50 3
21 55 3
21 56 3
24 51 3
24 52 3
24 53 3
25 55 3
25 56 3
25 57 3
26 2 5
26 3 5
26 4 5
26 7 5
26 8 5
26 52 3
26 53 3
26 54 3
27 3 5
27 5 5
27 6 5
27 7 5
27 8 5
39 30 1
39 31 1
39 33 1
41 30 1
41 31 1
41 47 1
28 4 5
28 6 5
28 7 5
28 9 5
28 10 5
28 11 5
28 12 5
28 29 1
28 30 1
29 2 5
29 3 5
29 5 5
29 6 5
29 7 5
29 8 5
29 29 1
29 30 1
29 32 1
29 33 1
29 36 1
30 2 5
30 3 5
30 4 5
30 5 5
30 7 5
30 10 5
30 11 5
30 26 1
30 27 1
38 35 1
38 48 1
38 51 1
38 52 1
31 6 5
31 9 5
31 10 5
31 26 1
31 27 1
31 29 1
31 30 1
31 33 1
31 34 1
32 2 5
32 3 5
32 6 5
32 7 5
32 25 1
32 26 1
32 28 1
32 29 1
32 32 1
32 33 1
33 3 5
33 4 5
33 5 5
33 7 5
33 8 5
33 9 5
33 26 1
33 27 1
33 30 1
33 31 1
33 33 1
34 5 5
34 6 5
34 7 5
34 28 1
34 29 1
35 27 1
35 30 1
35 31 1
35 33 1
35 53 1
36 3 5
36 4 5
36 5 5
36 25 1
36 26 1
36 27 1
17 56 3
17 57 3
18 31 4
18 49 3
36 29 1
36 30 1
36 31 1
36 52 1
36 53 1
36 54 1
36 55 1
37 24 1
37 26 1
37 27 1
37 30 1
37 31 1
37 50 1
37 53 1
37 54 1
37 55 1
37 56 1
38 23 1
38 29 1
38 30 1
36 33 1
36 34 1
36 35 1
38 31 1
38 33 1
38 34 1
38 53 1
38 54 1
38 55 1
39 21 1
39 26 1
39 27 1
39 28 1
39 29 1
41 49 1
41 52 1
41 55 1
42 32 1
42 54 1
42 55 1
30 31 1
30 32 1
30 33 1
30 35 1
31 1 5
31 2 5
42 33 1
42 34 1
42 50 1
42 53 1
31 3 5
31 5 5
43 49 1
43 52 1
43 53 1
8 28 3
8 29 3
8 31 3
8 32 3
9 3 2
9 6 2
9 7 2
9 8 2
43 54 1
43 55 1
21 57 3
22 50 3
22 51 3
22 52 3
22 53 3
23 53 3
23 54 3
23 55 3
23 56 3
24 50 3
