45 60
399
41 56 2
41 57 2
42 29 2
42 30 2
1 6 3
2 4 3
3 3 3
3 7 3
3 8 3
34 30 2
34 32 2
34 35 2
35 1 3
41 58 2
42 28 2
35 2 3
35 3 3
35 26 2
3 9 3
6 3 3
7 2 3
4 4 3
1 7 3
4 5 3
39 51 2
39 54 2
39 55 2
39 56 2
39 57 2
40 32 2
40 48 2
20 53 4
20 54 4
21 48 4
21 49 4
40 51 2
40 52 2
41 26 2
41 27 2
41 29 2
4 6 3
4 8 3
5 3 3
5 5 3
3 5 3
3 6 3
5 7 3
6 2 3
40 53 2
40 54 2
7 4 3
7 5 3
6 4 3
6 5 3
6 8 3
6 9 3
6 10 3
6 25 1
6 29 1
7 6 3
7 7 3
6 26 1
6 28 1
7 8 3
7 9 3
7 10 3
16 53 4
16 54 4
17 22 1
17 26 1
8 20 1
8 25 1
8 27 1
9 9 3
9 21 1
11 27 1
11 30 1
11 31 1
11 32 1
9 24 1
9 25 1
9 33 1
9 34 1
10 2 3
10 3 3
10 5 3
10 7 3
10 8 3
10 10 3
10 22 1
10 25 1
10 27 1
9 27 1
9 29 1
9 30 1
9 31 1
9 32 1
10 28 1
10 30 1
10 31 1
10 33 1
10 34 1
10 36 1
10 37 1
11 4 3
11 5 3
11 7 3
11 9 3
11 12 3
11 22 1
11 23 1
11 33 1
11 34 1
12 3 3
12 4 3
12 6 3
12 7 3
12 10 3
12 11 3
12 25 1
12 27 1
12 29 1
12 31 1
12 51 4
12 52 4
12 53 4
13 5 3
13 6 3
13 8 3
13 9 3
13 24 1
17 28 1
17 50 4
8 7 3
13 32 1
13 33 1
14 7 3
14 25 1
14 26 1
14 27 1
14 28 1
14 29 1
14 30 1
7 24 1
7 26 1
7 27 1
7 28 1
14 32 1
14 33 1
14 49 4
14 50 4
14 51 4
14 54 4
14 55 4
14 56 4
15 4 3
15 5 3
15 9 3
15 10 3
15 24 1
15 26 1
15 28 1
15 29 1
15 31 1
15 32 1
15 51 4
15 52 4
15 53 4
16 23 1
16 27 1
16 29 1
16 30 1
42 56 2
43 26 2
43 27 2
7 29 1
7 30 1
8 2 3
8 3 3
8 4 3
8 5 3
43 30 2
43 31 2
16 32 1
16 33 1
16 52 4
13 26 1
13 28 1
13 30 1
17 51 4
17 52 4
17 53 4
17 55 4
39 34 2
39 35 2
39 49 2
39 50 2
18 53 4
18 54 4
18 55 4
18 56 4
19 45 4
19 47 4
19 48 4
19 49 4
19 50 4
19 51 4
19 52 4
19 54 4
19 55 4
19 56 4
20 51 4
20 52 4
21 50 4
21 55 4
21 56 4
24 51 4
24 52 4
24 53 4
25 55 4
25 56 4
25 57 4
26 2 3
26 3 3
26 4 3
26 7 3
26 8 3
26 52 4
26 53 4
26 54 4
27 3 3
27 5 3
27 6 3
27 7 3
27 8 3
39 30 2
39 31 2
39 33 2
41 30 2
41 31 2
41 47 2
28 4 3
28 6 3
28 7 3
28 9 3
28 10 3
28 11 3
28 12 3
28 29 4
28 30 4
29 2 3
29 3 3
29 5 3
29 6 3
29 7 3
29 8 3
29 29 4
29 30 4
29 32 4
29 33 4
29 36 4
30 2 3
30 3 3
30 4 3
30 5 3
30 7 3
30 10 3
30 11 3
30 26 4
30 27 4
38 35 2
38 48 2
38 51 2
38 52 2
31 6 3
31 9 3
31 10 3
31 26 4
31 27 4
31 29 4
31 30 4
31 33 4
31 34 4
32 2 3
32 3 3
32 6 3
32 7 3
32 25 4
32 26 4
32 28 4
32 29 4
32 32 4
32 33 2
33 3 3
33 4 3
33 5 3
33 7 3
33 8 3
33 9 3
33 26 4
33 27 4
33 30 4
33 31 2
33 33 2
34 5 3
34 6 3
34 7 3
34 28 2
34 29 2
35 27 2
35 30 2
35 31 2
35 33 2
35 53 2
36 3 3
36 4 3
36 5 3
36 25 2
36 26 2
36 27 2
17 56 4
17 57 4
18 31 1
18 49 4
36 29 2
36 30 2
36 31 2
36 52 2
36 53 2
36 54 2
36 55 2
37 24 2
37 26 2
37 27 2
37 30 2
37 31 2
37 50 2
37 53 2
37 54 2
37 55 2
37 56 2
38 23 2
38 29 2
38 30 2
36 33 2
36 34 2
36 35 2
38 31 2
38 33 2
38 34 2
38 53 2
38 54 2
38 55 2
39 21 2
39 26 2
39 27 2
39 28 2
39 29 2
41 49 2
41 52 2
41 55 2
42 32 2
42 54 2
42 55 2
30 31 4
30 32 4
30 33 4
30 35 4
31 1 3
31 2 3
42 33 2
42 34 2
42 50 2
42 53 2
31 3 3
31 5 3
43 49 2
43 52 2
43 53 2
8 28 1
8 29 1
8 31 1
8 32 1
9 3 3
9 6 3
9 7 3
9 8 3
43 54 2
43 55 2
21 57 4
22 50 4
22 51 4
22 52 4
22 53 4
23 53 4
23 54 4
23 55 4
23 56 4
24 50 4
