45 60
399
41 56 2
41 57 2
42 29 2
42 30 2
1 6 4
2 4 4
3 3 4
3 7 4
3 8 4
34 30 2
34 32 2
34 35 2
35 1 3
41 58 2
42 28 2
35 2 3
35 3 3
35 26 2
3 9 4
6 3 4
7 2 1
4 4 4
1 7 4
4 5 4
39 51 2
39 54 2
39 55 2
39 56 2
39 57 2
40 32 2
40 48 2
20 53 2
20 54 2
21 48 2
21 49 2
40 51 2
40 52 2
41 26 2
41 27 2
41 29 2
4 6 4
4 8 4
5 3 4
5 5 4
3 5 4
3 6 4
5 7 4
6 2 1
40 53 2
40 54 2
7 4 1
7 5 1
6 4 4
6 5 4
6 8 4
6 9 4
6 10 4
6 25 4
6 29 4
7 6 1
7 7 1
6 26 4
6 28 4
7 8 1
7 9 4
7 10 4
16 53 2
16 54 2
17 22 4
17 26 4
8 20 4
8 25 4
8 27 4
9 9 1
9 21 4
11 27 4
11 30 4
11 31 4
11 32 4
9 24 4
9 25 4
9 33 4
9 34 4
10 2 1
10 3 1
10 5 1
10 7 1
10 8 1
10 10 1
10 22 4
10 25 4
10 27 4
9 27 4
9 29 4
9 30 4
9 31 4
9 32 4
10 28 4
10 30 4
10 31 4
10 33 4
10 34 4
10 36 4
10 37 4
11 4 1
11 5 1
11 7 1
11 9 1
11 12 4
11 22 4
11 23 4
11 33 4
11 34 4
12 3 1
12 4 1
12 6 1
12 7 1
12 10 1
12 11 1
12 25 4
12 27 4
12 29 4
12 31 4
12 51 2
12 52 2
12 53 2
13 5 1
13 6 1
13 8 1
13 9 1
13 24 4
17 28 4
17 50 2
8 7 1
13 32 4
13 33 4
14 7 1
14 25 4
14 26 4
14 27 4
14 28 4
14 29 4
14 30 4
7 24 4
7 26 4
7 27 4
7 28 4
14 32 4
14 33 4
14 49 2
14 50 2
14 51 2
14 54 2
14 55 2
14 56 2
15 4 1
15 5 1
15 9 1
15 10 1
15 24 4
15 26 4
15 28 4
15 29 4
15 31 4
15 32 4
15 51 2
15 52 2
15 53 2
16 23 4
16 27 4
16 29 4
16 30 4
42 56 2
43 26 2
43 27 2
7 29 4
7 30 4
8 2 1
8 3 1
8 4 1
8 5 1
43 30 2
43 31 2
16 32 4
16 33 4
16 52 2
13 26 4
13 28 4
13 30 4
17 51 2
17 52 2
17 53 2
17 55 2
39 34 2
39 35 2
39 49 2
39 50 2
18 53 2
18 54 2
18 55 2
18 56 2
19 45 2
19 47 2
19 48 2
19 49 2
19 50 2
19 51 2
19 52 2
19 54 2
19 55 2
19 56 2
20 51 2
20 52 2
21 50 2
21 55 2
21 56 2
24 51 2
24 52 2
24 53 2
25 55 2
25 56 2
25 57 2
26 2 3
26 3 3
26 4 3
26 7 3
26 8 3
26 52 2
26 53 2
26 54 2
27 3 3
27 5 3
27 6 3
27 7 3
27 8 3
39 30 2
39 31 2
39 33 2
41 30 2
41 31 2
41 47 2
28 4 3
28 6 3
28 7 3
28 9 3
28 10 3
28 11 3
28 12 3
28 29 2
28 30 2
29 2 3
29 3 3
29 5 3
29 6 3
29 7 3
29 8 3
29 29 2
29 30 2
29 32 2
29 33 2
29 36 2
30 2 3
30 3 3
30 4 3
30 5 3
30 7 3
30 10 3
30 11 3
30 26 2
30 27 2
38 35 2
38 48 2
38 51 2
38 52 2
31 6 3
31 9 3
31 10 3
31 26 2
31 27 2
31 29 2
31 30 2
31 33 2
31 34 2
32 2 3
32 3 3
32 6 3
32 7 3
32 25 2
32 26 2
32 28 2
32 29 2
32 32 2
32 33 2
33 3 3
33 4 3
33 5 3
33 7 3
33 8 3
33 9 3
33 26 2
33 27 2
33 30 2
33 31 2
33 33 2
34 5 3
34 6 3
34 7 3
34 28 2
34 29 2
35 27 2
35 30 2
35 31 2
35 33 2
35 53 2
36 3 3
36 4 3
36 5 3
36 25 2
36 26 2
36 27 2
17 56 2
17 57 2
18 31 4
18 49 2
36 29 2
36 30 2
36 31 2
36 52 2
36 53 2
36 54 2
36 55 2
37 24 2
37 26 2
37 27 2
37 30 2
37 31 2
37 50 2
37 53 2
37 54 2
37 55 2
37 56 2
38 23 2
38 29 2
38 30 2
36 33 2
36 34 2
36 35 2
38 31 2
38 33 2
38 34 2
38 53 2
38 54 2
38 55 2
39 21 2
39 26 2
39 27 2
39 28 2
39 29 2
41 49 2
41 52 2
41 55 2
42 32 2
42 54 2
42 55 2
30 31 2
30 32 2
30 33 2
30 35 2
31 1 3
31 2 3
42 33 2
42 34 2
42 50 2
42 53 2
31 3 3
31 5 3
43 49 2
43 52 2
43 53 2
8 28 4
8 29 4
8 31 4
8 32 4
9 3 1
9 6 1
9 7 1
9 8 1
43 54 2
43 55 2
21 57 2
22 50 2
22 51 2
22 52 2
22 53 2
23 53 2
23 54 2
23 55 2
23 56 2
24 50 2
