45 60
399
41 56 2
41 57 2
42 29 1
42 30 1
1 6 3
2 4 3
3 3 3
3 7 3
3 8 3
34 30 1
34 32 1
34 35 1
35 1 1
41 58 2
42 28 1
35 2 1
35 3 1
35 26 1
3 9 3
6 3 3
7 2 3
4 4 3
1 7 3
4 5 3
39 51 2
39 54 2
39 55 2
39 56 2
39 57 2
40 32 1
40 48 2
20 53 2
20 54 2
21 48 2
21 49 2
40 51 2
40 52 2
41 26 1
41 27 1
41 29 1
4 6 3
4 8 3
5 3 3
5 5 3
3 5 3
3 6 3
5 7 3
6 2 3
40 53 2
40 54 2
7 4 3
7 5 3
6 4 3
6 5 3
6 8 3
6 9 3
6 10 3
6 25 3
6 29 3
7 6 3
7 7 3
6 26 3
6 28 3
7 8 3
7 9 3
7 10 3
16 53 2
16 54 2
17 22 3
17 26 3
8 20 3
8 25 3
8 27 3
9 9 3
9 21 3
11 27 3
11 30 3
11 31 3
11 32 3
9 24 3
9 25 3
9 33 3
9 34 3
10 2 3
10 3 3
10 5 3
10 7 3
10 8 3
10 10 3
10 22 3
10 25 3
10 27 3
9 27 3
9 29 3
9 30 3
9 31 3
9 32 3
10 28 3
10 30 3
10 31 3
10 33 3
10 34 3
10 36 3
10 37 3
11 4 3
11 5 3
11 7 3
11 9 3
11 12 3
11 22 3
11 23 3
11 33 3
11 34 3
12 3 3
12 4 3
12 6 3
12 7 3
12 10 3
12 11 3
12 25 3
12 27 3
12 29 3
12 31 3
12 51 2
12 52 2
12 53 2
13 5 3
13 6 3
13 8 3
13 9 3
13 24 3
17 28 3
17 50 2
8 7 3
13 32 3
13 33 3
14 7 3
14 25 3
14 26 3
14 27 3
14 28 3
14 29 3
14 30 3
7 24 3
7 26 3
7 27 3
7 28 3
14 32 3
14 33 3
14 49 2
14 50 2
14 51 2
14 54 2
14 55 2
14 56 2
15 4 3
15 5 3
15 9 3
15 10 3
15 24 3
15 26 3
15 28 3
15 29 3
15 31 3
15 32 3
15 51 2
15 52 2
15 53 2
16 23 3
16 27 3
16 29 3
16 30 3
42 56 2
43 26 1
43 27 1
7 29 3
7 30 3
8 2 3
8 3 3
8 4 3
8 5 3
43 30 1
43 31 1
16 32 3
16 33 3
16 52 2
13 26 3
13 28 3
13 30 3
17 51 2
17 52 2
17 53 2
17 55 2
39 34 1
39 35 1
39 49 2
39 50 2
18 53 2
18 54 2
18 55 2
18 56 2
19 45 2
19 47 2
19 48 2
19 49 2
19 50 2
19 51 2
19 52 2
19 54 2
19 55 2
19 56 2
20 51 2
20 52 2
21 50 2
21 55 2
21 56 2
24 51 2
24 52 2
24 53 2
25 55 2
25 56 2
25 57 2
26 2 1
26 3 1
26 4 1
26 7 1
26 8 1
26 52 2
26 53 2
26 54 2
27 3 1
27 5 1
27 6 1
27 7 1
27 8 1
39 30 1
39 31 1
39 33 1
41 30 1
41 31 1
41 47 2
28 4 1
28 6 1
28 7 1
28 9 1
28 10 1
28 11 1
28 12 1
28 29 1
28 30 1
29 2 1
29 3 1
29 5 1
29 6 1
29 7 1
29 8 1
29 29 1
29 30 1
29 32 1
29 33 1
29 36 1
30 2 1
30 3 1
30 4 1
30 5 1
30 7 1
30 10 1
30 11 1
30 26 1
30 27 1
38 35 1
38 48 2
38 51 2
38 52 2
31 6 1
31 9 1
31 10 1
31 26 1
31 27 1
31 29 1
31 30 1
31 33 1
31 34 1
32 2 1
32 3 1
32 6 1
32 7 1
32 25 1
32 26 1
32 28 1
32 29 1
32 32 1
32 33 1
33 3 1
33 4 1
33 5 1
33 7 1
33 8 1
33 9 1
33 26 1
33 27 1
33 30 1
33 31 1
33 33 1
34 5 1
34 6 1
34 7 1
34 28 1
34 29 1
35 27 1
35 30 1
35 31 1
35 33 1
35 53 2
36 3 1
36 4 1
36 5 1
36 25 1
36 26 1
36 27 1
17 56 2
17 57 2
18 31 3
18 49 2
36 29 1
36 30 1
36 31 1
36 52 2
36 53 2
36 54 2
36 55 2
37 24 1
37 26 1
37 27 1
37 30 1
37 31 1
37 50 2
37 53 2
37 54 2
37 55 2
37 56 2
38 23 1
38 29 1
38 30 1
36 33 1
36 34 1
36 35 1
38 31 1
38 33 1
38 34 1
38 53 2
38 54 2
38 55 2
39 21 1
39 26 1
39 27 1
39 28 1
39 29 1
41 49 2
41 52 2
41 55 2
42 32 1
42 54 2
42 55 2
30 31 1
30 32 1
30 33 1
30 35 1
31 1 1
31 2 1
42 33 1
42 34 1
42 50 2
42 53 2
31 3 1
31 5 1
43 49 2
43 52 2
43 53 2
8 28 3
8 29 3
8 31 3
8 32 3
9 3 3
9 6 3
9 7 3
9 8 3
43 54 2
43 55 2
21 57 2
22 50 2
22 51 2
22 52 2
22 53 2
23 53 2
23 54 2
23 55 2
23 56 2
24 50 2
