45 60
399
41 56 1
41 57 1
42 29 3
42 30 3
1 6 2
2 4 2
3 3 2
3 7 2
3 8 2
34 30 3
34 32 3
34 35 3
35 1 2
41 58 1
42 28 3
35 2 2
35 3 2
35 26 3
3 9 2
6 3 2
7 2 2
4 4 2
1 7 2
4 5 2
39 51 1
39 54 1
39 55 1
39 56 1
39 57 1
40 32 3
40 48 1
20 53 1
20 54 1
21 48 1
21 49 1
40 51 1
40 52 1
41 26 3
41 27 3
41 29 3
4 6 2
4 8 2
5 3 2
5 5 2
3 5 2
3 6 2
5 7 2
6 2 2
40 53 1
40 54 1
7 4 2
7 5 2
6 4 2
6 5 2
6 8 2
6 9 2
6 10 2
6 25 2
6 29 2
7 6 2
7 7 2
6 26 2
6 28 2
7 8 2
7 9 2
7 10 2
16 53 1
16 54 1
17 22 2
17 26 2
8 20 2
8 25 2
8 27 2
9 9 2
9 21 2
11 27 2
11 30 2
11 31 2
11 32 2
9 24 2
9 25 2
9 33 2
9 34 2
10 2 2
10 3 2
10 5 2
10 7 2
10 8 2
10 10 2
10 22 2
10 25 2
10 27 2
9 27 2
9 29 2
9 30 2
9 31 2
9 32 2
10 28 2
10 30 2
10 31 2
10 33 2
10 34 2
10 36 2
10 37 2
11 4 2
11 5 2
11 7 2
11 9 2
11 12 2
11 22 2
11 23 2
11 33 2
11 34 2
12 3 2
12 4 2
12 6 2
12 7 2
12 10 2
12 11 2
12 25 2
12 27 2
12 29 2
12 31 2
12 51 1
12 52 1
12 53 1
13 5 2
13 6 2
13 8 2
13 9 2
13 24 2
17 28 2
17 50 1
8 7 2
13 32 2
13 33 2
14 7 2
14 25 2
14 26 2
14 27 2
14 28 2
14 29 2
14 30 2
7 24 2
7 26 2
7 27 2
7 28 2
14 32 2
14 33 2
14 49 1
14 50 1
14 51 1
14 54 1
14 55 1
14 56 1
15 4 2
15 5 2
15 9 2
15 10 2
15 24 2
15 26 2
15 28 2
15 29 2
15 31 2
15 32 2
15 51 1
15 52 1
15 53 1
16 23 2
16 27 2
16 29 2
16 30 2
42 56 1
43 26 3
43 27 3
7 29 2
7 30 2
8 2 2
8 3 2
8 4 2
8 5 2
43 30 3
43 31 3
16 32 2
16 33 2
16 52 1
13 26 2
13 28 2
13 30 2
17 51 1
17 52 1
17 53 1
17 55 1
39 34 3
39 35 3
39 49 1
39 50 1
18 53 1
18 54 1
18 55 1
18 56 1
19 45 1
19 47 1
19 48 1
19 49 1
19 50 1
19 51 1
19 52 1
19 54 1
19 55 1
19 56 1
20 51 1
20 52 1
21 50 1
21 55 1
21 56 1
24 51 1
24 52 1
24 53 1
25 55 1
25 56 1
25 57 1
26 2 2
26 3 2
26 4 2
26 7 2
26 8 2
26 52 1
26 53 1
26 54 1
27 3 2
27 5 2
27 6 2
27 7 2
27 8 2
39 30 3
39 31 3
39 33 3
41 30 3
41 31 3
41 47 3
28 4 2
28 6 2
28 7 2
28 9 2
28 10 2
28 11 2
28 12 2
28 29 3
28 30 3
29 2 2
29 3 2
29 5 2
29 6 2
29 7 2
29 8 2
29 29 3
29 30 3
29 32 3
29 33 3
29 36 3
30 2 2
30 3 2
30 4 2
30 5 2
30 7 2
30 10 2
30 11 2
30 26 3
30 27 3
38 35 3
38 48 1
38 51 1
38 52 1
31 6 2
31 9 2
31 10 2
31 26 3
31 27 3
31 29 3
31 30 3
31 33 3
31 34 3
32 2 2
32 3 2
32 6 2
32 7 2
32 25 3
32 26 3
32 28 3
32 29 3
32 32 3
32 33 3
33 3 2
33 4 2
33 5 2
33 7 2
33 8 2
33 9 2
33 26 3
33 27 3
33 30 3
33 31 3
33 33 3
34 5 2
34 6 2
34 7 2
34 28 3
34 29 3
35 27 3
35 30 3
35 31 3
35 33 3
35 53 1
36 3 2
36 4 2
36 5 2
36 25 3
36 26 3
36 27 3
17 56 1
17 57 1
18 31 2
18 49 1
36 29 3
36 30 3
36 31 3
36 52 1
36 53 1
36 54 1
36 55 1
37 24 3
37 26 3
37 27 3
37 30 3
37 31 3
37 50 1
37 53 1
37 54 1
37 55 1
37 56 1
38 23 3
38 29 3
38 30 3
36 33 3
36 34 3
36 35 3
38 31 3
38 33 3
38 34 3
38 53 1
38 54 1
38 55 1
39 21 3
39 26 3
39 27 3
39 28 3
39 29 3
41 49 1
41 52 1
41 55 1
42 32 3
42 54 1
42 55 1
30 31 3
30 32 3
30 33 3
30 35 3
31 1 2
31 2 2
42 33 3
42 34 3
42 50 1
42 53 1
31 3 2
31 5 2
43 49 3
43 52 1
43 53 1
8 28 2
8 29 2
8 31 2
8 32 2
9 3 2
9 6 2
9 7 2
9 8 2
43 54 1
43 55 1
21 57 1
22 50 1
22 51 1
22 52 1
22 53 1
23 53 1
23 54 1
23 55 1
23 56 1
24 50 1
