45 60
399
41 56 1
41 57 1
42 29 3
42 30 3
1 6 3
2 4 3
3 3 3
3 7 3
3 8 3
34 30 3
34 32 3
34 35 3
35 1 3
41 58 1
42 28 3
35 2 3
35 3 3
35 26 3
3 9 3
6 3 3
7 2 3
4 4 3
1 7 3
4 5 3
39 51 1
39 54 1
39 55 1
39 56 1
39 57 1
40 32 3
40 48 1
20 53 2
20 54 2
21 48 2
21 49 2
40 51 1
40 52 1
41 26 3
41 27 3
41 29 3
4 6 3
4 8 3
5 3 3
5 5 3
3 5 3
3 6 3
5 7 3
6 2 3
40 53 1
40 54 1
7 4 3
7 5 3
6 4 3
6 5 3
6 8 3
6 9 3
6 10 3
6 25 2
6 29 2
7 6 3
7 7 3
6 26 2
6 28 2
7 8 3
7 9 3
7 10 3
16 53 2
16 54 2
17 22 3
17 26 3
8 20 3
8 25 3
8 27 2
9 9 3
9 21 3
11 27 2
11 30 2
11 31 2
11 32 2
9 24 3
9 25 3
9 33 2
9 34 2
10 2 3
10 3 3
10 5 3
10 7 3
10 8 3
10 10 3
10 22 3
10 25 3
10 27 2
9 27 2
9 29 2
9 30 2
9 31 2
9 32 2
10 28 2
10 30 2
10 31 2
10 33 2
10 34 2
10 36 2
10 37 2
11 4 3
11 5 3
11 7 3
11 9 3
11 12 3
11 22 3
11 23 3
11 33 2
11 34 2
12 3 3
12 4 3
12 6 3
12 7 3
12 10 3
12 11 3
12 25 3
12 27 2
12 29 2
12 31 2
12 51 2
12 52 2
12 53 2
13 5 3
13 6 3
13 8 3
13 9 3
13 24 3
17 28 3
17 50 2
8 7 3
13 32 2
13 33 2
14 7 3
14 25 3
14 26 3
14 27 3
14 28 2
14 29 2
14 30 2
7 24 3
7 26 2
7 27 2
7 28 2
14 32 2
14 33 2
14 49 2
14 50 2
14 51 2
14 54 2
14 55 2
14 56 2
15 4 3
15 5 3
15 9 3
15 10 3
15 24 3
15 26 3
15 28 2
15 29 2
15 31 2
15 32 2
15 51 2
15 52 2
15 53 2
16 23 3
16 27 3
16 29 2
16 30 2
42 56 1
43 26 3
43 27 3
7 29 2
7 30 2
8 2 3
8 3 3
8 4 3
8 5 3
43 30 3
43 31 3
16 32 2
16 33 2
16 52 2
13 26 3
13 28 2
13 30 2
17 51 2
17 52 2
17 53 2
17 55 2
39 34 3
39 35 3
39 49 1
39 50 1
18 53 2
18 54 2
18 55 2
18 56 2
19 45 2
19 47 2
19 48 2
19 49 2
19 50 2
19 51 2
19 52 2
19 54 2
19 55 2
19 56 2
20 51 2
20 52 2
21 50 2
21 55 2
21 56 2
24 51 2
24 52 2
24 53 2
25 55 2
25 56 2
25 57 2
26 2 3
26 3 3
26 4 3
26 7 3
26 8 3
26 52 2
26 53 2
26 54 2
27 3 3
27 5 3
27 6 3
27 7 3
27 8 3
39 30 3
39 31 3
39 33 3
41 30 3
41 31 3
41 47 1
28 4 3
28 6 3
28 7 3
28 9 3
28 10 3
28 11 3
28 12 3
28 29 3
28 30 3
29 2 3
29 3 3
29 5 3
29 6 3
29 7 3
29 8 3
29 29 3
29 30 3
29 32 3
29 33 3
29 36 3
30 2 3
30 3 3
30 4 3
30 5 3
30 7 3
30 10 3
30 11 3
30 26 3
30 27 3
38 35 3
38 48 1
38 51 1
38 52 1
31 6 3
31 9 3
31 10 3
31 26 3
31 27 3
31 29 3
31 30 3
31 33 3
31 34 3
32 2 3
32 3 3
32 6 3
32 7 3
32 25 3
32 26 3
32 28 3
32 29 3
32 32 3
32 33 3
33 3 3
33 4 3
33 5 3
33 7 3
33 8 3
33 9 3
33 26 3
33 27 3
33 30 3
33 31 3
33 33 3
34 5 3
34 6 3
34 7 3
34 28 3
34 29 3
35 27 3
35 30 3
35 31 3
35 33 3
35 53 1
36 3 3
36 4 3
36 5 3
36 25 3
36 26 3
36 27 3
17 56 2
17 57 2
18 31 2
18 49 2
36 29 3
36 30 3
36 31 3
36 52 1
36 53 1
36 54 1
36 55 1
37 24 3
37 26 3
37 27 3
37 30 3
37 31 3
37 50 1
37 53 1
37 54 1
37 55 1
37 56 1
38 23 3
38 29 3
38 30 3
36 33 3
36 34 3
36 35 3
38 31 3
38 33 3
38 34 3
38 53 1
38 54 1
38 55 1
39 21 3
39 26 3
39 27 3
39 28 3
39 29 3
41 49 1
41 52 1
41 55 1
42 32 3
42 54 1
42 55 1
30 31 3
30 32 3
30 33 3
30 35 3
31 1 3
31 2 3
42 33 3
42 34 3
42 50 1
42 53 1
31 3 3
31 5 3
43 49 1
43 52 1
43 53 1
8 28 2
8 29 2
8 31 2
8 32 2
9 3 3
9 6 3
9 7 3
9 8 3
43 54 1
43 55 1
21 57 2
22 50 2
22 51 2
22 52 2
22 53 2
23 53 2
23 54 2
23 55 2
23 56 2
24 50 2
