45 60
399
41 56 3
41 57 3
42 29 3
42 30 3
1 6 5
2 4 5
3 3 5
3 7 5
3 8 5
34 30 1
34 32 3
34 35 3
35 1 4
41 58 3
42 28 3
35 2 4
35 3 4
35 26 1
3 9 5
6 3 5
7 2 5
4 4 5
1 7 5
4 5 5
39 51 3
39 54 3
39 55 3
39 56 3
39 57 3
40 32 3
40 48 3
20 53 3
20 54 3
21 48 3
21 49 3
40 51 3
40 52 3
41 26 1
41 27 3
41 29 3
4 6 5
4 8 5
5 3 5
5 5 5
3 5 5
3 6 5
5 7 5
6 2 5
40 53 3
40 54 3
7 4 5
7 5 5
6 4 5
6 5 5
6 8 5
6 9 5
6 10 5
6 25 1
6 29 1
7 6 5
7 7 5
6 26 1
6 28 1
7 8 5
7 9 5
7 10 5
16 53 3
16 54 3
17 22 1
17 26 1
8 20 5
8 25 1
8 27 1
9 9 5
9 21 1
11 27 1
11 30 1
11 31 1
11 32 1
9 24 1
9 25 1
9 33 1
9 34 1
10 2 5
10 3 5
10 5 5
10 7 5
10 8 5
10 10 5
10 22 1
10 25 1
10 27 1
9 27 1
9 29 1
9 30 1
9 31 1
9 32 1
10 28 1
10 30 1
10 31 1
10 33 1
10 34 1
10 36 1
10 37 1
11 4 5
11 5 5
11 7 5
11 9 5
11 12 5
11 22 1
11 23 1
11 33 1
11 34 1
12 3 5
12 4 5
12 6 5
12 7 5
12 10 5
12 11 5
12 25 1
12 27 1
12 29 1
12 31 1
12 51 3
12 52 3
12 53 3
13 5 5
13 6 5
13 8 5
13 9 5
13 24 1
17 28 1
17 50 3
8 7 5
13 32 1
13 33 1
14 7 5
14 25 1
14 26 1
14 27 1
14 28 1
14 29 1
14 30 1
7 24 1
7 26 1
7 27 1
7 28 1
14 32 1
14 33 1
14 49 3
14 50 3
14 51 3
14 54 3
14 55 3
14 56 3
15 4 5
15 5 5
15 9 5
15 10 5
15 24 1
15 26 1
15 28 1
15 29 1
15 31 1
15 32 1
15 51 3
15 52 3
15 53 3
16 23 1
16 27 1
16 29 1
16 30 1
42 56 3
43 26 3
43 27 3
7 29 1
7 30 1
8 2 5
8 3 5
8 4 5
8 5 5
43 30 3
43 31 3
16 32 1
16 33 1
16 52 3
13 26 1
13 28 1
13 30 1
17 51 3
17 52 3
17 53 3
17 55 3
39 34 3
39 35 3
39 49 3
39 50 3
18 53 3
18 54 3
18 55 3
18 56 3
19 45 3
19 47 3
19 48 3
19 49 3
19 50 3
19 51 3
19 52 3
19 54 3
19 55 3
19 56 3
20 51 3
20 52 3
21 50 3
21 55 3
21 56 3
24 51 3
24 52 3
24 53 3
25 55 3
25 56 3
25 57 3
26 2 2
26 3 2
26 4 2
26 7 2
26 8 2
26 52 3
26 53 3
26 54 3
27 3 2
27 5 2
27 6 2
27 7 2
27 8 2
39 30 3
39 31 3
39 33 3
41 30 3
41 31 3
41 47 3
28 4 2
28 6 2
28 7 2
28 9 2
28 10 2
28 11 2
28 12 2
28 29 1
28 30 1
29 2 4
29 3 4
29 5 2
29 6 2
29 7 2
29 8 2
29 29 1
29 30 1
29 32 1
29 33 1
29 36 1
30 2 4
30 3 4
30 4 4
30 5 2
30 7 2
30 10 2
30 11 2
30 26 1
30 27 1
38 35 3
38 48 3
38 51 3
38 52 3
31 6 2
31 9 2
31 10 2
31 26 1
31 27 1
31 29 1
31 30 1
31 33 1
31 34 1
32 2 4
32 3 4
32 6 4
32 7 2
32 25 1
32 26 1
32 28 1
32 29 1
32 32 1
32 33 1
33 3 4
33 4 4
33 5 4
33 7 4
33 8 2
33 9 2
33 26 1
33 27 1
33 30 1
33 31 1
33 33 3
34 5 4
34 6 4
34 7 4
34 28 1
34 29 1
35 27 1
35 30 1
35 31 3
35 33 3
35 53 3
36 3 4
36 4 4
36 5 4
36 25 1
36 26 1
36 27 1
17 56 3
17 57 3
18 31 1
18 49 3
36 29 1
36 30 3
36 31 3
36 52 3
36 53 3
36 54 3
36 55 3
37 24 1
37 26 1
37 27 1
37 30 3
37 31 3
37 50 3
37 53 3
37 54 3
37 55 3
37 56 3
38 23 1
38 29 3
38 30 3
36 33 3
36 34 3
36 35 3
38 31 3
38 33 3
38 34 3
38 53 3
38 54 3
38 55 3
39 21 1
39 26 1
39 27 1
39 28 3
39 29 3
41 49 3
41 52 3
41 55 3
42 32 3
42 54 3
42 55 3
30 31 1
30 32 1
30 33 1
30 35 1
31 1 4
31 2 4
42 33 3
42 34 3
42 50 3
42 53 3
31 3 4
31 5 4
43 49 3
43 52 3
43 53 3
8 28 1
8 29 1
8 31 1
8 32 1
9 3 5
9 6 5
9 7 5
9 8 5
43 54 3
43 55 3
21 57 3
22 50 3
22 51 3
22 52 3
22 53 3
23 53 3
23 54 3
23 55 3
23 56 3
24 50 3
