45 60
399
41 56 3
41 57 3
42 29 4
42 30 4
1 6 2
2 4 2
3 3 2
3 7 2
3 8 2
34 30 4
34 32 4
34 35 4
35 1 2
41 58 3
42 28 4
35 2 2
35 3 2
35 26 4
3 9 2
6 3 2
7 2 2
4 4 2
1 7 2
4 5 2
39 51 3
39 54 3
39 55 3
39 56 3
39 57 3
40 32 4
40 48 3
20 53 3
20 54 3
21 48 3
21 49 3
40 51 3
40 52 3
41 26 4
41 27 4
41 29 4
4 6 2
4 8 2
5 3 2
5 5 2
3 5 2
3 6 2
5 7 2
6 2 2
40 53 3
40 54 3
7 4 2
7 5 2
6 4 2
6 5 2
6 8 2
6 9 2
6 10 2
6 25 1
6 29 1
7 6 2
7 7 2
6 26 1
6 28 1
7 8 2
7 9 2
7 10 2
16 53 3
16 54 3
17 22 1
17 26 1
8 20 1
8 25 1
8 27 1
9 9 2
9 21 1
11 27 1
11 30 1
11 31 1
11 32 1
9 24 1
9 25 1
9 33 1
9 34 1
10 2 2
10 3 2
10 5 2
10 7 2
10 8 2
10 10 2
10 22 1
10 25 1
10 27 1
9 27 1
9 29 1
9 30 1
9 31 1
9 32 1
10 28 1
10 30 1
10 31 1
10 33 1
10 34 1
10 36 1
10 37 1
11 4 2
11 5 2
11 7 2
11 9 2
11 12 2
11 22 1
11 23 1
11 33 1
11 34 1
12 3 2
12 4 2
12 6 2
12 7 2
12 10 2
12 11 2
12 25 1
12 27 1
12 29 1
12 31 1
12 51 1
12 52 1
12 53 1
13 5 2
13 6 2
13 8 2
13 9 2
13 24 1
17 28 1
17 50 3
8 7 2
13 32 1
13 33 1
14 7 2
14 25 1
14 26 1
14 27 1
14 28 1
14 29 1
14 30 1
7 24 1
7 26 1
7 27 1
7 28 1
14 32 1
14 33 1
14 49 1
14 50 1
14 51 1
14 54 3
14 55 3
14 56 3
15 4 2
15 5 2
15 9 2
15 10 2
15 24 1
15 26 1
15 28 1
15 29 1
15 31 1
15 32 1
15 51 3
15 52 3
15 53 3
16 23 1
16 27 1
16 29 1
16 30 1
42 56 3
43 26 4
43 27 4
7 29 1
7 30 1
8 2 2
8 3 2
8 4 2
8 5 2
43 30 4
43 31 4
16 32 1
16 33 1
16 52 3
13 26 1
13 28 1
13 30 1
17 51 3
17 52 3
17 53 3
17 55 3
39 34 4
39 35 4
39 49 3
39 50 3
18 53 3
18 54 3
18 55 3
18 56 3
19 45 3
19 47 3
19 48 3
19 49 3
19 50 3
19 51 3
19 52 3
19 54 3
19 55 3
19 56 3
20 51 3
20 52 3
21 50 3
21 55 3
21 56 3
24 51 3
24 52 3
24 53 3
25 55 3
25 56 3
25 57 3
26 2 2
26 3 2
26 4 2
26 7 2
26 8 2
26 52 3
26 53 3
26 54 3
27 3 2
27 5 2
27 6 2
27 7 2
27 8 2
39 30 4
39 31 4
39 33 4
41 30 4
41 31 4
41 47 3
28 4 2
28 6 2
28 7 2
28 9 2
28 10 2
28 11 2
28 12 2
28 29 4
28 30 4
29 2 2
29 3 2
29 5 2
29 6 2
29 7 2
29 8 2
29 29 4
29 30 4
29 32 4
29 33 4
29 36 4
30 2 2
30 3 2
30 4 2
30 5 2
30 7 2
30 10 2
30 11 2
30 26 4
30 27 4
38 35 4
38 48 3
38 51 3
38 52 3
31 6 2
31 9 2
31 10 2
31 26 4
31 27 4
31 29 4
31 30 4
31 33 4
31 34 4
32 2 2
32 3 2
32 6 2
32 7 2
32 25 4
32 26 4
32 28 4
32 29 4
32 32 4
32 33 4
33 3 2
33 4 2
33 5 2
33 7 2
33 8 2
33 9 2
33 26 4
33 27 4
33 30 4
33 31 4
33 33 4
34 5 2
34 6 2
34 7 2
34 28 4
34 29 4
35 27 4
35 30 4
35 31 4
35 33 4
35 53 3
36 3 2
36 4 2
36 5 2
36 25 4
36 26 4
36 27 4
17 56 3
17 57 3
18 31 1
18 49 3
36 29 4
36 30 4
36 31 4
36 52 3
36 53 3
36 54 3
36 55 3
37 24 4
37 26 4
37 27 4
37 30 4
37 31 4
37 50 3
37 53 3
37 54 3
37 55 3
37 56 3
38 23 4
38 29 4
38 30 4
36 33 4
36 34 4
36 35 4
38 31 4
38 33 4
38 34 4
38 53 3
38 54 3
38 55 3
39 21 4
39 26 4
39 27 4
39 28 4
39 29 4
41 49 3
41 52 3
41 55 3
42 32 4
42 54 3
42 55 3
30 31 4
30 32 4
30 33 4
30 35 4
31 1 2
31 2 2
42 33 4
42 34 4
42 50 3
42 53 3
31 3 2
31 5 2
43 49 3
43 52 3
43 53 3
8 28 1
8 29 1
8 31 1
8 32 1
9 3 2
9 6 2
9 7 2
9 8 2
43 54 3
43 55 3
21 57 3
22 50 3
22 51 3
22 52 3
22 53 3
23 53 3
23 54 3
23 55 3
23 56 3
24 50 3
