45 60
399
41 56 4
41 57 4
42 29 2
42 30 2
1 6 3
2 4 3
3 3 3
3 7 3
3 8 3
34 30 2
34 32 2
34 35 4
35 1 1
41 58 4
42 28 2
35 2 1
35 3 1
35 26 2
3 9 3
6 3 3
7 2 3
4 4 3
1 7 3
4 5 3
39 51 4
39 54 4
39 55 4
39 56 4
39 57 4
40 32 2
40 48 4
20 53 4
20 54 4
21 48 4
21 49 4
40 51 4
40 52 4
41 26 2
41 27 2
41 29 2
4 6 3
4 8 3
5 3 3
5 5 3
3 5 3
3 6 3
5 7 3
6 2 3
40 53 4
40 54 4
7 4 3
7 5 3
6 4 3
6 5 3
6 8 3
6 9 3
6 10 3
6 25 3
6 29 3
7 6 3
7 7 3
6 26 3
6 28 3
7 8 3
7 9 3
7 10 3
16 53 4
16 54 4
17 22 3
17 26 3
8 20 3
8 25 3
8 27 3
9 9 3
9 21 3
11 27 3
11 30 3
11 31 3
11 32 3
9 24 3
9 25 3
9 33 3
9 34 3
10 2 3
10 3 3
10 5 3
10 7 3
10 8 3
10 10 3
10 22 3
10 25 3
10 27 3
9 27 3
9 29 3
9 30 3
9 31 3
9 32 3
10 28 3
10 30 3
10 31 3
10 33 3
10 34 3
10 36 3
10 37 3
11 4 3
11 5 3
11 7 3
11 9 3
11 12 3
11 22 3
11 23 3
11 33 3
11 34 3
12 3 3
12 4 3
12 6 3
12 7 3
12 10 3
12 11 3
12 25 3
12 27 3
12 29 3
12 31 3
12 51 4
12 52 4
12 53 4
13 5 3
13 6 3
13 8 3
13 9 3
13 24 3
17 28 3
17 50 4
8 7 3
13 32 3
13 33 3
14 7 3
14 25 3
14 26 3
14 27 3
14 28 3
14 29 3
14 30 3
7 24 3
7 26 3
7 27 3
7 28 3
14 32 3
14 33 3
14 49 4
14 50 4
14 51 4
14 54 4
14 55 4
14 56 4
15 4 3
15 5 3
15 9 3
15 10 3
15 24 3
15 26 3
15 28 3
15 29 3
15 31 3
15 32 3
15 51 4
15 52 4
15 53 4
16 23 3
16 27 3
16 29 3
16 30 3
42 56 4
43 26 2
43 27 2
7 29 3
7 30 3
8 2 3
8 3 3
8 4 3
8 5 3
43 30 2
43 31 2
16 32 3
16 33 3
16 52 4
13 26 3
13 28 3
13 30 3
17 51 4
17 52 4
17 53 4
17 55 4
39 34 2
39 35 2
39 49 4
39 50 4
18 53 4
18 54 4
18 55 4
18 56 4
19 45 4
19 47 4
19 48 4
19 49 4
19 50 4
19 51 4
19 52 4
19 54 4
19 55 4
19 56 4
20 51 4
20 52 4
21 50 4
21 55 4
21 56 4
24 51 4
24 52 4
24 53 4
25 55 4
25 56 4
25 57 4
26 2 1
26 3 1
26 4 1
26 7 1
26 8 1
26 52 4
26 53 4
26 54 4
27 3 1
27 5 1
27 6 1
27 7 1
27 8 1
39 30 2
39 31 2
39 33 2
41 30 2
41 31 2
41 47 4
28 4 1
28 6 1
28 7 1
28 9 1
28 10 1
28 11 1
28 12 1
28 29 1
28 30 1
29 2 1
29 3 1
29 5 1
29 6 1
29 7 1
29 8 1
29 29 1
29 30 2
29 32 4
29 33 4
29 36 4
30 2 1
30 3 1
30 4 1
30 5 1
30 7 1
30 10 1
30 11 1
30 26 1
30 27 1
38 35 2
38 48 4
38 51 4
38 52 4
31 6 1
31 9 1
31 10 1
31 26 1
31 27 1
31 29 2
31 30 2
31 33 4
31 34 4
32 2 1
32 3 1
32 6 1
32 7 1
32 25 1
32 26 1
32 28 2
32 29 2
32 32 2
32 33 4
33 3 1
33 4 1
33 5 1
33 7 1
33 8 1
33 9 1
33 26 1
33 27 2
33 30 2
33 31 2
33 33 4
34 5 1
34 6 1
34 7 1
34 28 2
34 29 2
35 27 2
35 30 2
35 31 2
35 33 2
35 53 4
36 3 1
36 4 1
36 5 1
36 25 2
36 26 2
36 27 2
17 56 4
17 57 4
18 31 3
18 49 4
36 29 2
36 30 2
36 31 2
36 52 4
36 53 4
36 54 4
36 55 4
37 24 2
37 26 2
37 27 2
37 30 2
37 31 2
37 50 4
37 53 4
37 54 4
37 55 4
37 56 4
38 23 2
38 29 2
38 30 2
36 33 2
36 34 2
36 35 4
38 31 2
38 33 2
38 34 2
38 53 4
38 54 4
38 55 4
39 21 2
39 26 2
39 27 2
39 28 2
39 29 2
41 49 4
41 52 4
41 55 4
42 32 2
42 54 4
42 55 4
30 31 2
30 32 4
30 33 4
30 35 4
31 1 1
31 2 1
42 33 2
42 34 2
42 50 4
42 53 4
31 3 1
31 5 1
43 49 4
43 52 4
43 53 4
8 28 3
8 29 3
8 31 3
8 32 3
9 3 3
9 6 3
9 7 3
9 8 3
43 54 4
43 55 4
21 57 4
22 50 4
22 51 4
22 52 4
22 53 4
23 53 4
23 54 4
23 55 4
23 56 4
24 50 4
